          0         1         2         3         4         5         6  \
0  1.000000  0.521080  0.574955  0.525430  0.550008  0.509865  0.491978   
1  0.521080  1.000000  0.630418  0.568023  0.583114  0.553054  0.529054   
2  0.574955  0.630418  1.000000  0.638142  0.734219  0.662359  0.631943   
3  0.525430  0.568023  0.638142  1.000000  0.595270  0.571750  0.539223   
4  0.550008  0.583114  0.734219  0.595270  1.000000  0.608267  0.557317   
5  0.509865  0.553054  0.662359  0.571750  0.608267  1.000000  0.543021   
6  0.491978  0.529054  0.631943  0.539223  0.557317  0.543021  1.000000   
7  0.516628  0.551327  0.625272  0.561686  0.581911  0.554612  0.524662   
8  0.464698  0.496154  0.605459  0.516506  0.536971  0.517110  0.493548   
9  0.427660  0.455216  0.492442  0.471311  0.460873  0.443441  0.433049   

          7         8         9  
0  0.516628  0.464698  0.427660  
1  0.551327  0.496154  0.455216  
2  0.625272  0.605459  0.492442  
3  0.561686  0.516506  0.471311  
4  0.581911  0.536971  0.460873  
5  0.554612  0.517110  0.443441  
6  0.524662  0.493548  0.433049  
7  1.000000  0.505333  0.447973  
8  0.505333  1.000000  0.401288  
9  0.447973  0.401288  1.000000  